============================================================================================
ANSOFT                                                                              06/12/25
S Parameter Plot1                                                                   22:54:33

--------------------------------------------------------------------------------------------
       Freq [GHz]   dB(S(LumpPort_CAP2_south_end,LumpPort_CAP1_south_end)) []
                                                                             
6.500000000000000                                         -84.209486961137173
6.505025125628141                                         -84.126172115614679
6.510050251256282                                         -84.042257974043380
6.515075376884423                                         -83.957734550829173
6.520100502512562                                         -83.872591607438878
6.525125628140703                                         -83.786818643776428
6.530150753768845                                         -83.700404889188249
6.535175879396985                                         -83.613339293078354
6.540201005025126                                         -83.525610515113428
6.545226130653266                                         -83.437206914995244
6.550251256281407                                         -83.348116541778040
6.555276381909548                                         -83.258327122706135
6.560301507537688                                         -83.167826051545276
6.565326633165829                                         -83.076600376380497
6.570351758793970                                         -82.984636786850615
6.575376884422111                                         -82.891921600788137
6.580402010050251                                         -82.798440750230469
6.585427135678392                                         -82.704179766767254
6.590452261306533                                         -82.609123766185377
6.595477386934673                                         -82.513257432370636
6.600502512562814                                         -82.416565000422892
6.605527638190956                                         -82.319030238937714
6.610552763819095                                         -82.220636431405211
6.615577889447236                                         -82.121366356671956
6.620603015075377                                         -82.021202268409468
6.625628140703518                                         -81.920125873527809
6.630653266331659                                         -81.818118309468431
6.635678391959799                                         -81.715160120305782
6.640703517587939                                         -81.611231231582067
6.645728643216080                                         -81.506310923793507
6.650753768844221                                         -81.400377804440581
6.655778894472362                                         -81.293409778547456
6.660804020100503                                         -81.185384017549907
6.665829145728644                                         -81.076276926440897
6.670854271356784                                         -80.966064109056305
6.675879396984924                                         -80.854720331372619
6.680904522613066                                         -80.742219482678422
6.685929648241206                                         -80.628534534470532
6.690954773869347                                         -80.513637496911912
6.695979899497488                                         -80.397499372676990
6.701005025125628                                         -80.280090107992862
6.706030150753769                                         -80.161378540670313
6.711055276381909                                         -80.041332344898919
6.716080402010050                                         -79.919917972562246
6.721105527638191                                         -79.797100590806011
6.726130653266332                                         -79.672844015568486
6.731155778894472                                         -79.547110640755804
6.736180904522613                                         -79.419861362714983
6.741206030150754                                         -79.291055499625458
6.746231155778895                                         -79.160650705392200
6.751256281407035                                         -79.028602877585641
6.756281407035177                                         -78.894866058926240
6.761306532663316                                         -78.759392331763422
6.766331658291457                                         -78.622131704942305
6.771356783919598                                         -78.483031992389485
6.776381909547739                                         -78.342038682679899
6.781407035175880                                         -78.199094798768641
6.786432160804020                                         -78.054140746983776
6.791457286432160                                         -77.907114154278958
6.796482412060302                                         -77.757949692632323
6.801507537688442                                         -77.606578889354822
6.806532663316583                                         -77.452929921927961
6.811557788944723                                         -77.296927395832697
6.816582914572865                                         -77.138492103648446
6.821608040201005                                         -76.977540763494460
6.826633165829145                                         -76.813985734651425
6.831658291457287                                         -76.647734707930965
6.836683417085427                                         -76.478690368054544
6.841708542713568                                         -76.306750024947718
6.846733668341709                                         -76.131805210452768
6.851758793969849                                         -75.953741236491666
6.856783919597990                                         -75.772436710171590
6.861809045226130                                         -75.587763000697706
6.866834170854271                                         -75.399583652228216
6.871859296482413                                         -75.207753735957851
6.876884422110553                                         -75.012119133721683
6.881909547738693                                         -74.812515744245033
6.886934673366834                                         -74.608768601796982
6.891959798994975                                         -74.400690895382809
6.896984924623116                                         -74.188082874695851
6.902010050251256                                         -73.970730626767349
6.907035175879398                                         -73.748404704531495
6.912060301507537                                         -73.520858585260569
6.917085427135678                                         -73.287826932897289
6.922110552763819                                         -73.049023633567344
6.927135678391960                                         -72.804139567787402
6.932160804020101                                         -72.552840075851009
6.937185929648241                                         -72.294762064243344
6.942211055276381                                         -72.029510690294089
6.947236180904523                                         -71.756655549077962
6.952261306532663                                         -71.475726270102015
6.957286432160804                                         -71.186207410641046
6.962311557788945                                         -70.887532506440806
6.967336683417086                                         -70.579077107231456
6.972361809045226                                         -70.260150581804510
6.977386934673366                                         -69.929986422205687
6.982412060301508                                         -69.587730704601242
6.987437185929648                                         -69.232428269602650
6.992462311557789                                         -68.863006058853841
6.997487437185930                                         -68.478252875427302
7.002512562814070                                         -68.076794605564601
7.007537688442211                                         -67.657063622849179
7.012562814070352                                         -67.217260654652350
7.017587939698492                                         -66.755306766403834
7.022613065326634                                         -66.268782221785159
7.027638190954774                                         -65.754847664035964
7.032663316582914                                         -65.210141105481853
7.037688442211055                                         -64.630641228991919
7.042713567839196                                         -64.011482849766139
7.047738693467337                                         -63.346702924666715
7.052763819095477                                         -62.628883170541918
7.057788944723619                                         -61.848634275415733
7.062814070351759                                         -60.993829179339784
7.067839195979899                                         -60.048422987391994
7.072864321608040                                         -58.990559398901048
7.077889447236181                                         -57.789373889504944
7.082914572864322                                         -56.399242902803763
7.087939698492463                                         -54.748556397273632
7.092964824120603                                         -52.715248312496563
7.097989949748744                                         -50.064372934560794
7.103015075376884                                         -46.243717196214220
7.108040201005025                                         -39.289929478522453
7.113065326633166                                         -26.284298242036872
7.118090452261307                                         -42.477931842246960
7.123115577889447                                         -47.787256735276777
7.128140703517587                                         -51.050712053024512
7.133165829145729                                         -53.411473658052948
7.138190954773870                                         -55.261046345686147
7.143216080402010                                         -56.781093236324111
7.148241206030151                                         -58.070897621704070
7.153266331658291                                         -59.190692092152190
7.158291457286432                                         -60.179784024512514
7.163316582914573                                         -61.065250030748565
7.168341708542713                                         -61.866536702216557
7.173366834170855                                         -62.598082830322070
7.178391959798995                                         -63.270903743592712
7.183417085427135                                         -63.893594758713228
7.188442211055277                                         -64.472991949391798
7.193467336683417                                         -65.014621731407033
7.198492462311558                                         -65.523015414324391
7.203517587939698                                         -66.001934643026075
7.208542713567840                                         -66.454536404641004
7.213567839195980                                         -66.883496056540736
7.218592964824120                                         -67.291100572946590
7.223618090452261                                         -67.679320263130521
7.228643216080402                                         -68.049864663346156
7.233668341708543                                         -68.404226616853833
7.238693467336684                                         -68.743717416475164
7.243718592964825                                         -69.069495099740536
7.248743718592965                                         -69.382587437792239
7.253768844221105                                         -69.683910769109175
7.258793969849246                                         -69.974285547941349
7.263819095477387                                         -70.254449272023408
7.268844221105528                                         -70.525067302401453
7.273869346733668                                         -70.786741974812514
7.278894472361809                                         -71.040020316449557
7.283919597989950                                         -71.285400616676128
7.288944723618091                                         -71.523338050059465
7.293969849246231                                         -71.754249511153247
7.298994974874372                                         -71.978517790018657
7.304020100502512                                         -72.196495193502642
7.309045226130653                                         -72.408506698275502
7.314070351758794                                         -72.614852706454840
7.319095477386934                                         -72.815811462448494
7.324120603015076                                         -73.011641179800449
7.329145728643216                                         -73.202581918819007
7.334170854271356                                         -73.388857249228948
7.339195979899498                                         -73.570675726724474
7.344221105527638                                         -73.748232207871666
7.349246231155779                                         -73.921709024143439
7.354271356783920                                         -74.091277032817203
7.359296482412061                                         -74.257096559915709
7.364321608040201                                         -74.419318248230994
7.369346733668341                                         -74.578083821672237
7.374371859296482                                         -74.733526775652493
7.379396984924623                                         -74.885773001940294
7.384422110552764                                         -75.034941355302124
7.389447236180905                                         -75.181144168324437
7.394472361809046                                         -75.324487719999283
7.399497487437186                                         -75.465072662969789
7.404522613065327                                         -75.602994413735416
7.409547738693467                                         -75.738343509605173
7.414572864321608                                         -75.871205935742665
7.419597989949749                                         -76.001663425259906
7.424623115577889                                         -76.129793734982286
7.429648241206030                                         -76.255670899213953
7.434673366834171                                         -76.379365463576335
7.439698492462312                                         -76.500944700768486
7.444723618090452                                         -76.620472809901457
7.449748743718593                                         -76.738011100884179
7.454773869346734                                         -76.853618165186262
7.459798994974874                                         -76.967350034168788
7.464824120603015                                         -77.079260326052449
7.469849246231155                                         -77.189400382488586
7.474874371859297                                         -77.297819395603227
7.479899497487438                                         -77.404564526300419
7.484924623115577                                         -77.509681014537264
7.489949748743719                                         -77.613212282215002
7.494974874371859                                         -77.715200029272069
7.500000000000000                                         -77.815684323511277
